4.106069721837739905e+01
1.000000000000000000e+02
8.675196064288437015e+01
4.032161165527234914e+01
5.237384956513337642e+01
1.000000000000000000e+02
1.000000000000000000e+02
1.324881871995221871e+01
6.013463194207682250e+01
9.075060518048755398e+01
8.823609857557239877e+01
3.466031104475571567e+01
7.434938301439410679e+01
7.722532760479116121e+01
1.000000000000000000e+02
8.171432233392499711e+01
8.814065233663686172e+01
1.000000000000000000e+02
5.213783969464863333e+01
4.744387498692425709e+01
1.000000000000000000e+02
9.245214424586812640e+00
7.112396000372284277e+01
7.086618957765148252e+01
2.978765143389201597e+01
8.619781587185997296e+01
9.697207332643169764e+01
7.104485408252948275e+01
3.138733943621350164e+01
2.376518425025791004e+01
7.606173391101350489e+01
4.206115994182747642e+01
7.739012616182699844e+01
7.615312000150110805e+01
9.196712436538945212e+01
1.150483597391036739e+01
7.174833664026863289e+01
9.964727346893485560e+01
1.000000000000000000e+02
7.479806865725150544e+01
1.000000000000000000e+02
6.212870192568599492e+01
7.765663594959200111e+01
6.118603284701842426e+01
6.384673199443625435e+01
3.461165137982327167e+01
5.549799532592155060e+01
6.040912090910002519e+01
7.588582639592559076e+01
7.627946889026915755e+01
2.703353320379154923e+01
1.438081109287730186e+01
7.096126500774262524e+01
4.740826899419638352e+01
1.000000000000000000e+02
9.693424507010209368e+01
4.404986058351259004e+01
8.439593923400713038e+01
8.571086121968649252e+01
2.770612275193779084e+01
8.645219510936765062e+01
2.475167431987290456e+01
1.000000000000000000e+02
6.707193957849894161e+01
1.000000000000000000e+02
8.300631167104745600e+01
5.257541654137218501e+01
4.001694687064212985e+01
6.634547867208746652e+01
4.666800303049289766e+01
8.029744765964841235e+01
8.099547499279172769e+01
6.812726525968680846e+01
6.454800089798774820e+01
9.982821345646212308e+01
1.984393383455462612e+01
1.000000000000000000e+02
8.820465152178569213e+01
7.162274461024269101e+01
6.490713975764801091e+01
8.503679671638155924e+01
1.000000000000000000e+02
7.046878944044055970e+01
1.000000000000000000e+02
1.084757463353598439e+01
3.460564680157064288e+01
8.501005010984872001e+01
1.000000000000000000e+02
1.000000000000000000e+02
6.237167748647414811e+01
1.000000000000000000e+02
1.000000000000000000e+02
4.898172096941982545e+01
6.395376917664319905e+01
8.485522466753087656e+01
3.424361887824387907e+01
7.055566607492228570e+01
1.325819622589938263e+01
4.609520757491824838e+01
3.363659910660869201e+01
5.226185173202622991e+01
7.981803420351644718e+01
7.708209180997400267e+01
1.000000000000000000e+02
1.000000000000000000e+02
7.807826023148918182e+01
4.974697453904370548e+01
3.557179280503108032e+01
7.273252085625641428e+01
6.789327557972058003e+01
6.891139362102101984e+01
3.568186676847819427e+01
1.069744074837669956e+01
1.000000000000000000e+02
4.142725661340804777e+01
5.212418414269024680e+01
1.000000000000000000e+02
7.611438832503520757e+01
2.512538621917375536e+01
5.015717333103242481e+01
9.004739004297724136e+01
7.863500758485965036e+01
6.004269672868243646e+01
7.797601419805717171e+01
7.083945185700690672e+01
3.193245897260445787e+01
1.000000000000000000e+02
1.693795069788234997e+01
1.000000000000000000e+02
1.000000000000000000e+02
6.550487521676215863e+01
6.289370879469322517e+01
4.523409060152669525e+01
5.452725381991325548e+01
7.025765406630752352e+01
1.000000000000000000e+02
8.741395022494162959e+01
7.859483010776706635e+00
1.000000000000000000e+02
5.173284204179120849e+01
4.230028210937888389e-01
9.948079466254377223e+01
6.767786549174246602e+01
6.511057010510903353e+01
1.000000000000000000e+02
1.000000000000000000e+02
5.974896017438432239e+01
2.792708421502825189e+01
3.742404083260169045e-01
9.062471890673565156e+01
6.026662689979119136e+01
9.663166968309406002e+01
7.508501158619418447e+01
2.905129028476424224e+01
4.939783875527302826e+01
3.945697629252086358e+01
5.293545815091796669e+01
1.000000000000000000e+02
1.000000000000000000e+02
4.194577427956609483e+01
7.275518493988525393e+01
7.636088270344518492e+01
6.552194062817136455e+01
1.000000000000000000e+02
7.299552648774383101e+01
4.277683614211579766e+01
7.134759186074651893e+01
1.303559234135575196e+01
1.000000000000000000e+02
6.221602231738418709e+01
6.573881003461791295e+01
6.507544692691058685e+01
6.000447775086877300e+01
3.332937401575955505e+01
6.599508053914820493e+01
8.852419322949454283e+01
9.009318455391530733e+01
4.502364289981021273e+01
1.922097409140291546e+01
1.000000000000000000e+02
6.146963736760038444e+01
1.000000000000000000e+02
7.610681587538657311e+01
3.038238020961168928e+01
6.964184222321559048e+01
1.965080530473910159e+01
1.000000000000000000e+02
5.554991829024361039e+01
7.210875196829984191e+01
4.072210029315741053e+01
7.555615802608807030e+01
5.736278331952224363e+01
8.026166031519849753e+01
3.672969345976468247e+01
1.000000000000000000e+02
6.397113382012590677e+01
8.237860790969257607e+01
1.000000000000000000e+02
5.496258623793822551e+01
7.223796655973896463e+01
